@tasks 9
0 2 5(0) 1(0)
1 4 6(0) 3(0) 7(0) 2(0)
2 4 5(0) 4(0) 8(0) 3(0)
3 2 7(0) 5(0)
4 2 7(0) 6(0)
5 1 8(0)
6 0
7 0
8 0

@proc 4
641 0 0
603 0 0
295 0 1
281 0 1

@times
7 156 468 390 
74 57 290 478 
111 156 317 433 
18 175 263 313 
95 3 336 248 
197 115 442 317 
23 139 358 362 
68 8 414 308 
135 181 258 366 

@cost
695 381 206 274 
321 708 148 296 
758 854 295 110 
908 813 254 174 
750 659 288 106 
377 952 285 117 
482 768 262 162 
521 681 152 157 
540 554 183 191 

@comm
chan0 12 10 0 0 0 1
chan1 15 6 0 0 1 1

