@tasks 20
0 8 1(2) 2(27) 4(43) 6(47) 7(49) 9(33) 10(5) 12(12){3}
1 2 2(10) 10(42)
2 4 3(49) 7(39) 8(30) 15(10)
3 1 6(32)
4 3 5(43) 10(19) 16(13)
5 0
6 1 12(38){3}
7 0
8 2 11(10){4} 18(12)
9 2 15(49) 16(15)
10 2 14(13) 17(15)
11 2 13(42) 15(11)
12 0
13 0
14 0
15 1 18(11)
16 1 19(23)
17 0
18 0
19 0

@proc 4
760 0 0
885 0 0
210 0 1
124 0 1

@times
14 182 334 355 
-1 172 439 494 
31 163 230 293 
131 40 499 206 
20 156 428 400 
163 186 437 257 
79 50 445 500 
180 50 314 350 
114 88 445 413 
150 85 336 495 
68 79 500 436 
{135, 208, 375, 240}
{140, 242, 91}
198 17 330 464 
6 46 311 382 
162 66 372 291 
32 119 385 370 
114 125 458 472 
84 73 229 361 
86 134 475 336 

@cost
753 977 228 222 
828 440 274 274 
488 640 232 189 
396 942 176 113 
577 811 117 132 
458 424 286 267 
611 353 157 193 
921 511 248 273 
984 799 121 282 
652 942 273 122 
512 411 143 238 
{322, 863, 775, 305}
{162, 605, 584}
522 926 128 108 
654 650 226 172 
851 693 259 161 
785 653 149 272 
869 350 240 255 
807 947 251 144 
469 332 296 249 

@comm
chan0 49 9 1 0 1 0
chan1 30 3 0 0 1 1

